[name] Top solution Lines - 837951602
[puzzle] Sz001
[production-cost] 2600
[power-usage] 2149
[lines-of-code] 1

[traces] 
......................
......................
......................
......................
......................
..........954.........
....1C9554A.94........
.....AA9496169554.....
.....AA34A954A15C.....
....16A.16A156..A.....
.....1E1C.A.9554A.....
......2.2.3421556.....
......................
......................

[chip] 
[type] NOT
[x] 6
[y] 3

[chip] 
[type] PGA
[x] 9
[y] 3
[array-switch] True
[array-data] 
0,0,0,0,0,0,1,0,0,0,0,0,0,1,0,0,0,0,0,0,0,0,0,0,0,0,0,0,0,0,0,1,0,0,0,0,1,0,0,0,0,0,0,0,0,0,0,0,1,1,0,0,0,0,0,0,0,0,0,0,0,0,0,0,0,0

[chip] 
[type] PGA
[x] 12
[y] 3
[array-switch] True
[array-data] 
0,0,0,0,0,1,1,1,0,0,0,0,0,0,1,0,0,0,0,0,0,0,0,0,0,0,0,0,0,0,0,0,1,0,0,1,0,1,0,0,0,0,1,1,1,0,0,0,0,0,0,0,0,0,0,1,1,0,0,1,1,0,0,0,0,0

[chip] 
[type] BANK
[x] 5
[y] 4
[rom] 
1,0,1,0,1,0,0,1,0,1,0,0,0,0

[chip] 
[type] UC4
[x] 5
[y] 6
[code] 
  gen p1 x0 x1
# 3LoC -ROM -PGA
# 2LoC +ROM -PGA
# 2LoC -ROM +PGA
# 1Loc +ROM +PGA
# So ROM saves
# 1 LoC and PGA
# saves another
# LoC :>

[chip] 
[type] PGA
[x] 9
[y] 6
[array-switch] False
[array-data] 
0,0,0,0,1,1,0,1,0,0,0,0,1,0,0,0,0,0,0,0,0,0,0,0,0,0,0,0,0,0,1,0,0,0,0,0,0,0,0,0,0,1,0,1,0,0,0,0,1,0,0,0,1,0,0,0,0,0,0,0,0,0,0,0,0,0

[chip] 
[type] PGA
[x] 13
[y] 6
[array-switch] False
[array-data] 
0,0,1,1,0,0,0,1,0,0,0,0,1,0,0,0,0,0,0,0,0,0,0,0,0,0,0,0,0,0,0,0,1,0,0,0,0,0,0,0,0,0,0,1,1,0,0,0,1,0,0,1,0,0,0,0,0,0,0,0,0,0,0,0,0,0

