[name] Top solution Lines - 837951602
[puzzle] Sz022
[production-cost] 3100
[power-usage] 857
[lines-of-code] 5

[traces] 
......................
......................
......................
......................
......................
......15554.1555555C..
......15C...14.15C.2..
...1C...A14.14...A....
..94354.355554.14A14..
..A.9541C1555D554A14..
..2.A14.34...3415614..
....354.154...........
......................
......................

[chip] 
[type] BANK
[x] 3
[y] 2
[rom] 
0,11,0,100,10,1,10,0,0,1,10,0,10,11

[chip] 
[type] UC4X
[x] 6
[y] 2
[code] 
  slp x2
  mov x0 x3

[chip] 
[type] BANK
[x] 10
[y] 2
[rom] 
1,0,1,0,1,0,1,0,1,0,1,0,1,0

[chip] 
[type] PGA
[x] 16
[y] 3
[array-switch] False
[array-data] 
0,1,0,0,0,1,1,0,0,0,0,1,0,1,0,0,0,0,0,0,0,0,0,1,1,1,0,0,0,0,0,0,0,0,0,0,0,0,0,0,0,0,0,0,0,0,0,0,0,1,0,0,0,0,0,0,0,0,0,0,1,0,0,0,0,1

[chip] 
[type] UC4
[x] 3
[y] 4
[code] 
  slx x0
  mov x0 x1
  gen p1 7 0

[chip] 
[type] DX3
[x] 8
[y] 4

[chip] 
[type] PGA
[x] 13
[y] 5
[array-switch] False
[array-data] 
0,0,0,0,1,1,0,1,0,0,0,0,1,0,0,1,0,0,0,0,0,0,0,0,0,0,0,0,1,0,1,0,0,0,0,1,0,1,0,1,1,0,1,0,0,0,0,0,0,1,0,0,0,0,1,1,0,0,0,0,0,0,0,1,1,1

[chip] 
[type] PGA
[x] 4
[y] 6
[array-switch] True
[array-data] 
0,0,0,0,0,0,0,1,0,0,0,0,1,0,0,0,0,0,0,1,0,0,0,0,1,0,0,0,0,0,0,0,0,0,0,0,0,0,0,0,0,0,0,0,0,0,0,0,0,0,0,0,0,0,0,0,0,0,0,0,0,0,0,0,0,0

[chip] 
[type] PGA
[x] 10
[y] 6
[array-switch] True
[array-data] 
0,0,0,0,0,1,0,1,0,0,0,0,1,0,0,0,0,0,0,0,0,0,0,0,0,0,0,0,0,1,0,0,0,0,0,1,0,1,0,0,0,0,0,0,0,0,0,0,0,0,0,0,0,0,0,0,0,0,0,0,1,0,0,0,0,1

