[name] Top solution Lines - 837951602
[puzzle] Sz016
[production-cost] 2300
[power-usage] 900
[lines-of-code] 5

[traces] 
......................
......................
......................
......................
......................
......14955555555C....
....9554A14......2....
....A.14A14..1555C....
....3414354955C..2....
......15C..A14A.1C....
......14A156.16..2....
........354.154.......
......................
......................

[chip] 
[type] PGA
[x] 10
[y] 2
[array-switch] True
[array-data] 
0,0,0,0,0,1,1,0,1,1,1,1,0,1,0,0,0,0,0,0,0,1,0,0,1,1,1,0,0,1,0,1,0,1,1,0,1,0,0,0,0,0,1,1,0,0,1,0,0,0,1,0,0,0,0,0,0,0,0,0,0,0,0,0,0,0

[chip] 
[type] PGA
[x] 14
[y] 2
[array-switch] True
[array-data] 
0,0,0,0,0,0,1,0,1,0,0,0,0,1,0,0,0,0,1,1,0,0,0,0,0,0,1,0,0,0,0,1,0,0,0,0,1,0,0,0,0,0,0,0,0,0,0,0,1,1,1,0,0,0,0,0,0,0,0,0,0,0,0,0,0,0

[chip] 
[type] DX3
[x] 5
[y] 3

[chip] 
[type] PGA
[x] 7
[y] 3
[array-switch] True
[array-data] 
0,0,1,1,0,0,1,0,1,0,0,0,0,1,0,0,0,0,1,1,0,0,0,0,0,0,1,1,0,0,0,1,0,0,0,0,1,0,0,0,0,0,1,1,0,0,0,0,0,0,1,0,0,0,0,0,0,1,0,0,1,1,0,0,0,0

[chip] 
[type] BRIDGE
[x] 13
[y] 4

[chip] 
[type] UC6
[x] 7
[y] 6
[code] 
#@ mov 3 x3
  gen p0 x1 1
- mov 3 x3
  tlt x0 x2
- mov x0 x3
  mov x2 x1

[chip] 
[type] BANK
[x] 10
[y] 6
[rom] 
-9,-90,-900,-101,0,-101,0,-101,0,-101,0,-101,999,-999

[chip] 
[type] RADIO
[x] 4
[y] 7
[is-puzzle-provided] true

