[name] Top solution Lines - pseudonym404
[puzzle] Sz020
[production-cost] 2800
[power-usage] 492
[lines-of-code] 6

[traces] 
......................
......................
......................
......................
......................
..........9554.14.14..
....954.956154.14.14..
....A1C9695554954.14..
..14A.AA161554A15C....
..156163555C14A14A14..
..94.154154354A14354..
..355555555555754.14..
......................
......................

[chip] 
[type] PGA
[x] 16
[y] 2
[array-switch] False
[array-data] 
1,0,0,0,0,0,0,1,0,0,0,0,0,1,1,0,0,0,0,0,0,0,0,0,1,1,1,0,0,0,0,0,0,0,0,0,0,0,0,0,0,0,1,0,0,0,0,0,0,1,1,0,0,0,0,0,1,0,0,0,1,1,0,0,0,0

[chip] 
[type] UC6
[x] 3
[y] 3
[code] 
  slx x0
  dst 1 x0
  mov acc x3
  mov x1 x2
  gen p0 2 x1
  mov 0 x2

[chip] 
[type] DX3
[x] 7
[y] 3

[chip] 
[type] BRIDGE
[x] 10
[y] 3

[chip] 
[type] PGA
[x] 13
[y] 3
[array-switch] False
[array-data] 
0,0,1,1,0,0,0,1,1,0,0,0,1,0,0,0,0,0,1,0,0,0,0,0,0,1,1,1,0,0,0,0,0,0,0,0,0,0,0,0,0,0,0,0,0,0,0,0,1,0,1,0,0,0,0,1,0,0,0,0,1,0,1,1,0,0

[chip] 
[type] BRIDGE
[x] 12
[y] 4

[chip] 
[type] BRIDGE
[x] 11
[y] 5

[chip] 
[type] BANK
[x] 3
[y] 6
[rom] 
10,4,111,2,11,4,1,4,110,4,100,1,101,2

[chip] 
[type] PGA
[x] 13
[y] 6
[array-switch] False
[array-data] 
0,0,0,0,0,0,0,1,1,0,0,0,1,1,0,0,0,0,0,1,1,0,0,0,1,0,0,0,0,0,0,0,0,0,0,0,0,0,0,0,0,0,0,0,0,0,0,0,0,1,0,0,0,0,0,1,0,0,0,0,0,0,1,0,0,0

[chip] 
[type] PGA
[x] 16
[y] 6
[array-switch] False
[array-data] 
0,0,1,0,0,0,0,1,0,0,0,0,1,0,0,0,0,0,0,0,0,0,0,0,0,0,1,0,0,0,0,0,0,0,0,0,0,0,0,0,0,0,0,0,0,0,0,0,0,1,1,0,0,0,0,1,0,0,0,0,1,0,1,0,0,0

